/material/nist/printElementZ
Nist Element: <H>  Z= 1  Aeff(amu)= 1.00794  6 isotopes:
N: 1  2  3  4  5  6
mass(amu): 938.783 1876.12 2809.76 3751.9 4694.3 5630.83
abundance: 0.999885 0.000115 0 0 0 0
Nist Element: <He>  Z= 2  Aeff(amu)= 4.00264  8 isotopes:
N: 3  4  5  6  7  8  9  10
mass(amu): 2810.25 3728.44 4668.85 5606.56 6546.57 7483.55 8424.26 9363.75
abundance: 1.37e-06 0.999999 0 0 0 0 0 0
Nist Element: 
Z= 3 Aeff(amu)= 6.94003 9 isotopes:
N: 4  5  6  7  8  9  10  11  12
mass(amu): 3751.29 4669.15 5603.05 6535.36 7472.9 8408.4 9348.01 10287.2 11228
abundance: 0 0 0.0759 0.9241 0 0 0 0 0
Nist Element: <Be>  Z= 4  Aeff(amu)= 9.01218  10 isotopes:
N: 5  6  7  8  9  10  11  12  13  14
mass(amu): 4695.47 5607.34 6536.23 7456.9 8394.79 9327.52 10266.6 11203 12143 13080.8
abundance: 0 0 0 0 1 0 0 0 0 0
Nist Element: Z= 5 Aeff(amu)= 10.811 13 isotopes:
N: 7  8  9  10  11  12  13  14  15  16  17  18  19
mass(amu): 6548.33 7474.88 8395.86 9326.96 10255.1 11191.3 12126 13064.6 14001.4 14941 15879.1 16819.2 17757.7
abundance: 0 0 0 0.199 0.801 0 0 0 0 0 0 0 0
Nist Element: <C>  Z= 6  Aeff(amu)= 12.0107  15 isotopes:
N: 8  9  10  11  12  13  14  15  16  17  18  19  20  21  22
mass(amu): 7487.05 8412.36 9330.68 10257.1 11177.9 12112.6 13043.9 13982.3 14917.6 15856.5 16791.9 17731.3 18667.4 19607.3 20545.5
abundance: 0 0 0 0 0.9893 0.0107 0 0 0 0 0 0 0 0 0
Nist Element: <N>  Z= 7  Aeff(amu)= 14.0068  15 isotopes:
N: 10  11  12  13  14  15  16  17  18  19  20  21  22  23  24
mass(amu): 9354.62 10271.4 11195.3 12114.7 13043.8 13972.5 14909.6 15843.2 16780 17714.2 18651.7 19586.6 20524.9 21462.1 22402.9
abundance: 0 0 0 0 0.99632 0.00368 0 0 0 0 0 0 0 0 0
Nist Element: <O>  Z= 8  Aeff(amu)= 15.9994  15 isotopes:
N: 12  13  14  15  16  17  18  19  20  21  22  23  24  25  26
mass(amu): 11210 12132.5 13048.9 13975.3 14899.2 15834.6 16766.1 17701.7 18633.7 19569.5 20502.2 21439 22374.9 23314.5 24254
abundance: 0 0 0 0 0.99757 0.00038 0.00205 0 0 0 0 0 0 0 0
Nist Element: <F>  Z= 9  Aeff(amu)= 18.9984  16 isotopes:
N: 14  15  16  17  18  19  20  21  22  23  24  25  26  27  28  29
mass(amu): 13074.5 13989.2 14914.6 15837.4 16767.7 17696.9 18629.9 19561.3 20495.7 21427.7 22363.4 23298.6 24237.1 25175.4 26115.1 27053.7
abundance: 0 0 0 0 0 1 0 0 0 0 0 0 0 0 0 0
Nist Element: <Ne>  Z= 10  Aeff(amu)= 20.18  17 isotopes:
N: 16  17  18  19  20  21  22  23  24  25  26  27  28  29  30  31  32
mass(amu): 14927.9 15851.9 16772.2 17700.2 18622.8 19555.6 20484.9 21419.2 22349.9 23285.3 24219.3 25157.4 26093.1 27031.3 27967.1 28907.1 29845
abundance: 0 0 0 0 0.9048 0.0027 0.0925 0 0 0 0 0 0 0 0 0 0
Nist Element: <Na>  Z= 11  Aeff(amu)= 22.9898  18 isotopes:
N: 18  19  20  21  22  23  24  25  26  27  28  29  30  31  32  33  34  35
mass(amu): 16792.2 17711.3 18636.7 19559.2 20487.7 21414.9 22347.5 23278 24212 25144.7 26080.8 27015.9 27953.4 28889 29826.1 30764.8 31703.3 32643.5
abundance: 0 0 0 0 0 1 0 0 0 0 0 0 0 0 0 0 0 0
Nist Element: <Mg>  Z= 12  Aeff(amu)= 24.305  18 isotopes:
N: 20  21  22  23  24  25  26  27  28  29  30  31  32  33  34  35  36  37
mass(amu): 18647.5 19572.3 20492.5 21418.9 22341.9 23274.1 24202.6 25135.7 26066.8 27002.7 27936 28873.1 29807.1 30744.5 31679.3 32618.6 33554.7 34494.3
abundance: 0 0 0 0 0.7899 0.1 0.1101 0 0 0 0 0 0 0 0 0 0 0
Nist Element: <Al>  Z= 13  Aeff(amu)= 26.9815  19 isotopes:
N: 21  22  23  24  25  26  27  28  29  30  31  32  33  34  35  36  37  38  39
mass(amu): 19587.5 20511 21431.2 22355.8 23278.4 24206.6 25133.1 26065 26995.1 27929 28861.3 29796.7 30730.8 31667.9 32602.2 33539.7 34474.9 35412.5 36348.7
abundance: 0 0 0 0 0 0 1 0 0 0 0 0 0 0 0 0 0 0 0
Nist Element: <Si>  Z= 14  Aeff(amu)= 28.0854  21 isotopes:
N: 22  23  24  25  26  27  28  29  30  31  32  33  34  35  36  37  38  39  40  41  42
mass(amu): 20525 21448.1 22366.6 23291.2 24211.7 25137.9 26060.3 26991.4 27920.4 28853.4 29783.7 30718.8 31650.9 32587.9 33521.4 34458.8 35393 36330.4 37265.2 38203.1 39137.7
abundance: 0 0 0 0 0 0 0.922296 0.046832 0.030872 0 0 0 0 0 0 0 0 0 0 0 0
Nist Element: 
Z= 15 Aeff(amu)= 30.9738 23 isotopes:
N: 24  25  26  27  28  29  30  31  32  33  34  35  36  37  38  39  40  41  42  43  44  45  46
mass(amu): 22387.8 23306.3 24229.8 25149.6 26074.7 26996.4 27924.6 28851.9 29783.5 30712.9 31646.2 32577.4 33513.6 34446.3 35382.3 36315.6 37251.5 38186.4 39122.8 40057.3 40995 41931.3 42870.9
abundance: 0 0 0 0 0 0 0 1 0 0 0 0 0 0 0 0 0 0 0 0 0 0 0
Nist Element: Z= 16 Aeff(amu)= 32.0661 24 isotopes:
N: 26  27  28  29  30  31  32  33  34  35  36  37  38  39  40  41  42  43  44  45  46  47  48  49
mass(amu): 24244.8 25167.9 26085.9 27010.2 27930.8 28857.3 29781.8 30712.8 31640.9 32573.4 33503.1 34438.4 35369.9 36305.1 37236.9 38172.6 39105.5 40041.8 40974.8 41912.4 42848.4 43787.3 44723.8 45663.7
abundance: 0 0 0 0 0 0 0.9493 0.0076 0.0429 0 0.0002 0 0 0 0 0 0 0 0 0 0 0 0 0
Nist Element: <Cl>  Z= 17  Aeff(amu)= 35.4526  24 isotopes:
N: 28  29  30  31  32  33  34  35  36  37  38  39  40  41  42  43  44  45  46  47  48  49  50  51
mass(amu): 26108.4 27026.5 27949.3 28869.2 29794.5 30718.3 31646.4 32573.3 33504.3 34433.5 35367 36298.5 37232.2 38163.9 39097.8 40030.2 40965.7 41898.3 42833.9 43768.9 44706.9 45643.1 46581.9 47518.8
abundance: 0 0 0 0 0 0 0 0.7578 0 0.2422 0 0 0 0 0 0 0 0 0 0 0 0 0 0
Nist Element: <Ar>  Z= 18  Aeff(amu)= 39.9477  24 isotopes:
N: 30  31  32  33  34  35  36  37  38  39  40  41  42  43  44  45  46  47  48  49  50  51  52  53
mass(amu): 27964.9 28887.6 29805.7 30729.9 31652.4 32579.3 33503.5 34434.4 35362 36295 37224.7 38158.2 39088.4 40022.3 40953.5 41887.5 42819 43754.3 44688.5 45626.6 46561.6 47499.9 48436 49375
abundance: 0 0 0 0 0 0 0.003365 0 0.000632 0 0.996003 0 0 0 0 0 0 0 0 0 0 0 0 0
Nist Element: <K>  Z= 19  Aeff(amu)= 39.0983  24 isotopes:
N: 32  33  34  35  36  37  38  39  40  41  42  43  44  45  46  47  48  49  50  51  52  53  54  55
mass(amu): 29828.2 30746.1 31669.3 32591.1 33516.4 34440.5 35368 36294.5 37226.2 38155.7 39087.7 40017.6 40950 41880.6 42813.3 43744.5 44679.6 45612.8 46549.4 47484.2 48421.5 49357.2 50295.1 51231.6
abundance: 0 0 0 0 0 0 0 0.932581 0.000117 0.067302 0 0 0 0 0 0 0 0 0 0 0 0 0 0
Nist Element: <Ca>  Z= 20  Aeff(amu)= 40.078  24 isotopes:
N: 34  35  36  37  38  39  40  41  42  43  44  45  46  47  48  49  50  51  52  53  54  55  56  57
mass(amu): 31683.9 32606.8 33527.4 34452.1 35374.7 36301 37224.9 38156.1 39084.2 40015.9 40944.3 41876.4 42805.6 43737.8 44667.5 45601.9 46535.1 47470.3 48405.2 49341.3 50277.1 51214.1 52150.4 53088.1
abundance: 0 0 0 0 0 0 0.96941 0 0.00647 0.00135 0.02086 0 4e-05 0 0.00187 0 0 0 0 0 0 0 0 0
Nist Element: <Sc>  Z= 21  Aeff(amu)= 44.9559  24 isotopes:
N: 36  37  38  39  40  41  42  43  44  45  46  47  48  49  50  51  52  53  54  55  56  57  58  59
mass(amu): 33547.7 34468.2 35391.8 36314.1 37239.3 38162.7 39090.6 40018.1 40947.9 41876.2 42807 43735.9 44667.2 45596.6 46530.2 47463 48397.4 49331.2 50266.2 51201.8 52138.2 53073.7 54010.9 54947
abundance: 0 0 0 0 0 0 0 0 0 1 0 0 0 0 0 0 0 0 0 0 0 0 0 0
Nist Element: <Ti>  Z= 22  Aeff(amu)= 47.8667  24 isotopes:
N: 38  39  40  41  42  43  44  45  46  47  48  49  50  51  52  53  54  55  56  57  58  59  60  61
mass(amu): 35405.9 36329.5 37250.9 38175.5 39097.6 40024.9 40948.2 41878.2 42804.6 43735.3 44663.2 45594.7 46523.3 47456.5 48388.2 49322.3 50254.9 51190.3 52124.5 53060.6 53995.1 54932.1 55866.9 56804.4
abundance: 0 0 0 0 0 0 0 0 0.0825 0.0744 0.7372 0.0541 0.0518 0 0 0 0 0 0 0 0 0 0 0
Nist Element: <V>  Z= 23  Aeff(amu)= 50.9415  24 isotopes:
N: 40  41  42  43  44  45  46  47  48  49  50  51  52  53  54  55  56  57  58  59  60  61  62  63
mass(amu): 37270.1 38191 39114.6 40036.2 40961.9 41885.4 42811.7 43738.2 44667.3 45595.2 46525.5 47454 48386.3 49317.3 50250.7 51183 52117.5 53050.8 53986.3 54920.2 55856.6 56790.8 57727.6 58662.5
abundance: 0 0 0 0 0 0 0 0 0 0 0.0025 0.9975 0 0 0 0 0 0 0 0 0 0 0 0
Nist Element: <Cr>  Z= 24  Aeff(amu)= 51.9961  24 isotopes:
N: 42  43  44  45  46  47  48  49  50  51  52  53  54  55  56  57  58  59  60  61  62  63  64  65
mass(amu): 39128.7 40052.1 40972.2 41897.9 42819.3 43745.7 44668.9 45597.8 46524.4 47454.8 48382.3 49313.9 50243.8 51177 52108.3 53042.8 53974.7 54910.3 55842.8 56778.4 57711.5 58648.6 59582.3 60519.5
abundance: 0 0 0 0 0 0 0 0 0.04345 0 0.83789 0.09501 0.02365 0 0 0 0 0 0 0 0 0 0 0
Nist Element: <Mn>  Z= 25  Aeff(amu)= 54.938  24 isotopes:
N: 44  45  46  47  48  49  50  51  52  53  54  55  56  57  58  59  60  61  62  63  64  65  66  67
mass(amu): 40992.2 41912.1 42836.3 43758 44682.7 45605.6 46532 47457.9 48387 49314.5 50245.2 51174.4 52106.8 53037.7 53970.8 54902.6 55836.7 56769.4 57704.2 58637.4 59572.5 60506.2 61442.1 62376.4
abundance: 0 0 0 0 0 0 0 0 0 0 0 1 0 0 0 0 0 0 0 0 0 0 0 0
Nist Element: <Fe>  Z= 26  Aeff(amu)= 55.8451  25 isotopes:
N: 45  46  47  48  49  50  51  52  53  54  55  56  57  58  59  60  61  62  63  64  65  66  67  68  69
mass(amu): 41930.8 42849.5 43773.6 44693.6 45618.6 46540.2 47466 48389.3 49318.2 50244.4 51174.7 52103 53035 53964.5 54897.5 55828.3 56762.2 57693.8 58628.3 59560.6 60495.8 61428.3 62363.5 63297.3 64233.7
abundance: 0 0 0 0 0 0 0 0 0 0.05845 0 0.91754 0.02119 0.00282 0 0 0 0 0 0 0 0 0 0 0
Nist Element: <Co>  Z= 27  Aeff(amu)= 58.9332  25 isotopes:
N: 48  49  50  51  52  53  54  55  56  57  58  59  60  61  62  63  64  65  66  67  68  69  70  71  72
mass(amu): 44713.4 45633.6 46557.5 47478.9 48403.8 49326.5 50252.7 51178.1 52107.6 53035.8 53966.9 54895.9 55828 56758.3 57691.2 58622.3 59555.8 60488 61422.5 62354.8 63289.8 64222 65157.8 66091.1 67027
abundance: 0 0 0 0 0 0 0 0 0 0 0 1 0 0 0 0 0 0 0 0 0 0 0 0 0
Nist Element: <Ni>  Z= 28  Aeff(amu)= 58.6933  29 isotopes:
N: 50  51  52  53  54  55  56  57  58  59  60  61  62  63  64  65  66  67  68  69  70  71  72  73  74  75  76  77  78
mass(amu): 46570.9 47494.7 48415.1 49339.8 50261.5 51186.8 52109.7 53039.1 53966.4 54897 55825.2 56757 57685.8 58618.6 59548.6 60482 61412.6 62346.4 63278.1 64212.7 65145.1 66080.2 67012.9 67948.9 68882 69818.3 70751.9 71688.5 72622.8
abundance: 0 0 0 0 0 0 0 0 0.680769 0 0.262231 0.011399 0.036345 0 0.009256 0 0 0 0 0 0 0 0 0 0 0 0 0 0
Nist Element: <Cu>  Z= 29  Aeff(amu)= 63.5456  29 isotopes:
N: 52  53  54  55  56  57  58  59  60  61  62  63  64  65  66  67  68  69  70  71  72  73  74  75  76  77  78  79  80
mass(amu): 48435.1 49355.8 50279 51200.6 52125.1 53047.8 53975 54901.8 55831.3 56759.2 57689.8 58618.5 59550.2 60479.9 61412.4 62342.8 63276 64207.3 65141.6 66073.3 67007.5 67939.9 68874.9 69807.7 70743.2 71676.6 72612.6 73546.4 74484
abundance: 0 0 0 0 0 0 0 0 0 0 0 0.6917 0 0.3083 0 0 0 0 0 0 0 0 0 0 0 0 0 0 0
Nist Element: <Zn>  Z= 30  Aeff(amu)= 65.3955  29 isotopes:
N: 54  55  56  57  58  59  60  61  62  63  64  65  66  67  68  69  70  71  72  73  74  75  76  77  78  79  80  81  82
mass(amu): 50294.2 51217.3 52138 53062.5 53984.4 54910.9 55835.4 56764.8 57691.4 58621.9 59549.6 60481.2 61409.7 62342.2 63271.5 64204.7 65135 66068.7 66999.5 67933.7 68864.9 69799.5 70731.5 71666.4 72599.3 73534.7 74467.7 75404.9 76340.4
abundance: 0 0 0 0 0 0 0 0 0 0 0.4863 0 0.279 0.041 0.1875 0 0.0062 0 0 0 0 0 0 0 0 0 0 0 0
Nist Element: <Ga>  Z= 31  Aeff(amu)= 69.7231  29 isotopes:
N: 56  57  58  59  60  61  62  63  64  65  66  67  68  69  70  71  72  73  74  75  76  77  78  79  80  81  82  83  84
mass(amu): 52158.9 53079.2 54002.6 54924.1 55849.7 56773.8 57700.7 58627.4 59556.7 60484.4 61414.9 62343.2 63274.5 64203.8 65135.7 66065.9 66999 67929.4 68862.5 69793.6 70727.3 71659.2 72592.9 73525.5 74460.5 75393 76329.6 77264.5 78201.1
abundance: 0 0 0 0 0 0 0 0 0 0 0 0 0 0.60108 0 0.39892 0 0 0 0 0 0 0 0 0 0 0 0 0
Nist Element: <Ge>  Z= 32  Aeff(amu)= 72.6128  29 isotopes:
N: 58  59  60  61  62  63  64  65  66  67  68  69  70  71  72  73  74  75  76  77  78  79  80  81  82  83  84  85  86
mass(amu): 54018.3 54941.1 55861.9 56787.4 57710.4 58637.2 59561.2 60490.7 61417 62347.4 63274.6 64206 65134.1 66066.2 66995 67927.8 68857.2 69790.2 70720.3 71653.8 72584.7 73518.5 74450 75384.7 76316.9 77253 78187.1 79123.6 80058.5
abundance: 0 0 0 0 0 0 0 0 0 0 0 0 0.2084 0 0.2754 0.0773 0.3628 0 0.0761 0 0 0 0 0 0 0 0 0 0
Nist Element: <As>  Z= 33  Aeff(amu)= 74.9216  30 isotopes:
N: 60  61  62  63  64  65  66  67  68  69  70  71  72  73  74  75  76  77  78  79  80  81  82  83  84  85  86  87  88  89
mass(amu): 55883.2 56803.1 57727.7 58650.3 59576.1 60500.1 61426.8 62353.5 63282.7 64210 65140.2 66068.2 66999.4 67928.1 68859.7 69789 70721.3 71651.1 72583.7 73514.3 74447.4 75378.5 76312.2 77244.1 78179.5 79113.5 80049.1 80983.7 81919.9 82855.6
abundance: 0 0 0 0 0 0 0 0 0 0 0 0 0 0 0 1 0 0 0 0 0 0 0 0 0 0 0 0 0 0
Nist Element: <Se>  Z= 34  Aeff(amu)= 78.9594  28 isotopes:
N: 65  66  67  68  69  70  71  72  73  74  75  76  77  78  79  80  81  82  83  84  85  86  87  88  89  90  91  92
mass(amu): 60514.2 61436.9 62363.6 63287.5 64216.8 65142.6 66073 66999.7 67930.9 68858.4 69789.9 70718.3 71650.4 72579.5 73512.1 74441.7 75374.6 76304.9 77238.6 78169.6 79104.5 80038 80973.4 81907.6 82843.4 83778 84715.1 85650.2
abundance: 0 0 0 0 0 0 0 0 0 0.0089 0 0.0937 0.0763 0.2377 0 0.4961 0 0.0873 0 0 0 0 0 0 0 0 0 0
Nist Element: 
Z= 35 Aeff(amu)= 79.9035 28 isotopes:
N: 67  68  69  70  71  72  73  74  75  76  77  78  79  80  81  82  83  84  85  86  87  88  89  90  91  92  93  94
mass(amu): 62377.3 63302.8 64226.7 65153 66079.5 67008.4 67935.5 68865.3 69792.9 70723.2 71651.8 72583 73511.9 74443.6 75373.1 76305 77235 78167.7 79098.4 80032.8 80966.1 81900.8 82834.4 83769.8 84704.5 85640.9 86575.9 87512.7
abundance: 0 0 0 0 0 0 0 0 0 0 0 0 0.5069 0 0.4931 0 0 0 0 0 0 0 0 0 0 0 0 0
Nist Element: <Kr>  Z= 36  Aeff(amu)= 83.7993  29 isotopes:
N: 69  70  71  72  73  74  75  76  77  78  79  80  81  82  83  84  85  86  87  88  89  90  91  92  93  94  95  96  97
mass(amu): 64240.8 65163.6 66090 67013.5 67942.1 68868.4 69797.8 70724.5 71654.9 72582.4 73513.6 74441.6 75373.3 76301.9 77234 78163.1 79095.5 80025.2 80959.3 81891.7 82826.2 83759.5 84694.6 85628.7 86565 87499.3 88435.9 89370.4 90307
abundance: 0 0 0 0 0 0 0 0 0 0.0035 0 0.0228 0 0.1158 0.1149 0.57 0 0.173 0 0 0 0 0 0 0 0 0 0 0
Nist Element: <Rb>  Z= 37  Aeff(amu)= 85.4677  32 isotopes:
N: 71  72  73  74  75  76  77  78  79  80  81  82  83  84  85  86  87  88  89  90  91  92  93  94  95  96  97  98  99  100  101  102
mass(amu): 66103.8 67029.5 67952.9 68878.9 69804.9 70733.1 71660.2 72589.6 73517.2 74447.3 75375.6 76306.3 77234.9 78165.8 79094.8 80025.8 80955.4 81888.9 82821.3 83755.1 84688.2 85622.7 86556.3 87491.9 88426.1 89362.2 90296.5 91232.1 92167 93102.7 94037.1 94974.2
abundance: 0 0 0 0 0 0 0 0 0 0 0 0 0 0 0.7217 0 0.2783 0 0 0 0 0 0 0 0 0 0 0 0 0 0 0
Nist Element: <Sr>  Z= 38  Aeff(amu)= 87.6166  32 isotopes:
N: 73  74  75  76  77  78  79  80  81  82  83  84  85  86  87  88  89  90  91  92  93  94  95  96  97  98  99  100  101  102  103  104
mass(amu): 67967.4 68889.9 69815.4 70739.1 71667.1 72593.4 73522.5 74449.2 75379.5 76306.5 77237.2 78164.8 79095.9 80024 80955.1 81883.5 82816.8 83748.5 84682.3 85614.5 86548.8 87481.6 88416.9 89350.5 90286.1 91219.8 92155.8 93089.1 94025.9 94959.3 95896.4 96830.7
abundance: 0 0 0 0 0 0 0 0 0 0 0 0.0056 0 0.0986 0.07 0.8258 0 0 0 0 0 0 0 0 0 0 0 0 0 0 0 0
Nist Element: <Y>  Z= 39  Aeff(amu)= 88.9058  30 isotopes:
N: 77  78  79  80  81  82  83  84  85  86  87  88  89  90  91  92  93  94  95  96  97  98  99  100  101  102  103  104  105  106
mass(amu): 71678.1 72603.9 73529.6 74458.3 75385 76314.3 77241.6 78171.4 79099.1 80029.2 80957 81887.2 82815.2 83748 84679.6 85612.6 86544.7 87478.1 88410.7 89345.1 90278.6 91213.9 92147.7 93082.1 94015.7 94950.9 95885.2 96820.4 97755.6 98691.8
abundance: 0 0 0 0 0 0 0 0 0 0 0 0 1 0 0 0 0 0 0 0 0 0 0 0 0 0 0 0 0 0
Nist Element: <Zr>  Z= 40  Aeff(amu)= 91.2236  30 isotopes:
N: 79  80  81  82  83  84  85  86  87  88  89  90  91  92  93  94  95  96  97  98  99  100  101  102  103  104  105  106  107  108
mass(amu): 73540.7 74464.2 75392.1 76318.3 77247.6 78174 79103.9 80030.7 80960.6 81887.8 82818.1 83745.7 84678 85609 86541.8 87473.2 88406.2 89338 90272 91205.1 92140.1 93072.8 94007.3 94940.7 95875.9 96809.2 97744.5 98678.8 99614.9 100549
abundance: 0 0 0 0 0 0 0 0 0 0 0 0.5145 0.1122 0.1715 0 0.1738 0 0.028 0 0 0 0 0 0 0 0 0 0 0 0
Nist Element: <Nb>  Z= 41  Aeff(amu)= 92.9064  30 isotopes:
N: 81  82  83  84  85  86  87  88  89  90  91  92  93  94  95  96  97  98  99  100  101  102  103  104  105  106  107  108  109  110
mass(amu): 75403.5 76329.5 77255 78183.6 79109.8 80038.6 80965.8 81895.1 82822.4 83751.8 84679.3 85611 86541.8 87474.1 88405.1 89337.8 90269.3 91202.9 92135.6 93069.5 94001.7 94936 95868.4 96802.7 97736.1 98671.3 99604.7 100541 101475 102411
abundance: 0 0 0 0 0 0 0 0 0 0 0 0 1 0 0 0 0 0 0 0 0 0 0 0 0 0 0 0 0 0
Nist Element: <Mo>  Z= 42  Aeff(amu)= 95.9313  31 isotopes:
N: 83  84  85  86  87  88  89  90  91  92  93  94  95  96  97  98  99  100  101  102  103  104  105  106  107  108  109  110  111  112  113
mass(amu): 77266.2 78189.7 79117.9 80043.9 80972.3 81898.8 82828 83754.3 84683.8 85610.6 86542.1 87472 88404.2 89334.7 90267.4 91198.3 92131.9 93063.2 93997.1 94928.6 95862.8 96795.3 97729.6 98662 99597.2 100531 101466 102399 103335 104269 105205
abundance: 0 0 0 0 0 0 0 0 0 0.1484 0 0.0925 0.1592 0.1668 0.0955 0.2413 0 0.0963 0 0 0 0 0 0 0 0 0 0 0 0 0
Nist Element: <Tc>  Z= 43  Aeff(amu)= 97.9072  31 isotopes:
N: 85  86  87  88  89  90  91  92  93  94  95  96  97  98  99  100  101  102  103  104  105  106  107  108  109  110  111  112  113  114  115
mass(amu): 79129.4 80055.3 80980.8 81908.9 82835.4 83763.3 84689.9 85618.6 86545.3 87476.3 88406 89337.6 90267.7 91200 92130.6 93063.4 93994.3 94927.6 95859.1 96792.5 97724.9 98658.3 99590.7 100525 101458 102393 103326 104261 105195 106131 107064
abundance: 0 0 0 0 0 0 0 0 0 0 0 0 0 1 0 0 0 0 0 0 0 0 0 0 0 0 0 0 0 0 0
Nist Element: <Ru>  Z= 44  Aeff(amu)= 101.065  32 isotopes:
N: 87  88  89  90  91  92  93  94  95  96  97  98  99  100  101  102  103  104  105  106  107  108  109  110  111  112  113  114  115  116  117  118
mass(amu): 80992.7 81916 82843.4 83769.1 84697.4 85623 86551.7 87477.9 88408.5 89337.4 90268.9 91198.2 92130.3 93060.2 93993.3 94923 95856.3 96786.9 97721.2 98651.7 99586 100518 101452 102384 103319 104252 105187 106120 107055 107988 108924 109858
abundance: 0 0 0 0 0 0 0 0 0 0.0554 0 0.0187 0.1276 0.126 0.1706 0.3155 0 0.1862 0 0 0 0 0 0 0 0 0 0 0 0 0 0
Nist Element: <Rh>  Z= 45  Aeff(amu)= 102.906  33 isotopes:
N: 89  90  91  92  93  94  95  96  97  98  99  100  101  102  103  104  105  106  107  108  109  110  111  112  113  114  115  116  117  118  119  120  121
mass(amu): 82855.8 83781.3 84706.8 85634.1 86559.7 87487.5 88413.6 89343.8 90272.3 91203.2 92132.3 93063.8 93993.3 94925.8 95856.3 96788.7 97719.3 98651.7 99583.2 100517 101448 102381 103314 104248 105180 106115 107047 107983 108915 109850 110784 111720 112653
abundance: 0 0 0 0 0 0 0 0 0 0 0 0 0 0 1 0 0 0 0 0 0 0 0 0 0 0 0 0 0 0 0 0 0
Nist Element: <Pd>  Z= 46  Aeff(amu)= 106.415  33 isotopes:
N: 91  92  93  94  95  96  97  98  99  100  101  102  103  104  105  106  107  108  109  110  111  112  113  114  115  116  117  118  119  120  121  122  123
mass(amu): 84718.9 85641.9 86569.2 87494.1 88421.8 89347.2 90277.1 91205.1 92135.8 93064.2 93995.2 94924.8 95856.3 96786 97718.4 98648 99581.4 100512 101445 102376 103310 104241 105175 106106 107042 107973 108908 109841 110776 111708 112644 113577 114512
abundance: 0 0 0 0 0 0 0 0 0 0 0 0.0102 0 0.1114 0.2233 0.2733 0 0.2646 0 0.1172 0 0 0 0 0 0 0 0 0 0 0 0 0
Nist Element: <Ag>  Z= 47  Aeff(amu)= 107.868  34 isotopes:
N: 94  95  96  97  98  99  100  101  102  103  104  105  106  107  108  109  110  111  112  113  114  115  116  117  118  119  120  121  122  123  124  125  126  127
mass(amu): 87507.2 88431.9 89358.9 90284.1 91213.6 92141.2 93071.3 93999.9 94930.4 95859.1 96790.6 97720.2 98651.7 99581.4 100514 101444 102377 103307 104241 105172 106106 107037 107970 108903 109837 110770 111704 112636 113571 114504 115439 116372 117307 118241
abundance: 0 0 0 0 0 0 0 0 0 0 0 0 0 0.51839 0 0.48161 0 0 0 0 0 0 0 0 0 0 0 0 0 0 0 0 0 0
Nist Element: <Cd>  Z= 48  Aeff(amu)= 112.411  35 isotopes:
N: 96  97  98  99  100  101  102  103  104  105  106  107  108  109  110  111  112  113  114  115  116  117  118  119  120  121  122  123  124  125  126  127  128  129  130
mass(amu): 89367.4 90294.3 91219 92148 93075.1 94005.4 94933.2 95862.8 96791.5 97722.1 98650.8 99583.2 100512 101444 102374 103306 104237 105169 106100 107033 107965 108898 109830 110764 111695 112630 113561 114496 115429 116363 117296 118231 119164 120099 121033
abundance: 0 0 0 0 0 0 0 0 0 0 0.0125 0 0.0089 0 0.1249 0.128 0.2413 0.1222 0.2873 0 0.0749 0 0 0 0 0 0 0 0 0 0 0 0 0 0
Nist Element: <In>  Z= 49  Aeff(amu)= 114.818  37 isotopes:
N: 98  99  100  101  102  103  104  105  106  107  108  109  110  111  112  113  114  115  116  117  118  119  120  121  122  123  124  125  126  127  128  129  130  131  132  133  134
mass(amu): 91232.6 92157 93085.3 94012.9 94942.5 95869.4 96799 97727.7 98657.3 99586 100518 101446 102378 103307 104240 105169 106102 107032 107965 108896 109829 110760 111694 112625 113558 114490 115424 116357 117290 118222 119157 120090 121024 121958 122895 123831 124769
abundance: 0 0 0 0 0 0 0 0 0 0 0 0 0 0 0 0.0429 0 0.9571 0 0 0 0 0 0 0 0 0 0 0 0 0 0 0 0 0 0 0
Nist Element: <Sn>  Z= 50  Aeff(amu)= 118.71  38 isotopes:
N: 100  101  102  103  104  105  106  107  108  109  110  111  112  113  114  115  116  117  118  119  120  121  122  123  124  125  126  127  128  129  130  131  132  133  134  135  136  137
mass(amu): 93092.6 94021.3 94947.2 95876.8 96803.7 97733.3 98661.1 99591.6 100519 101450 102379 103310 104239 105170 106100 107031 107962 108894 109825 110757 111688 112621 113552 114486 115417 116351 117283 118216 119148 120082 121014 121948 122881 123818 124753 125691 126626 127564
abundance: 0 0 0 0 0 0 0 0 0 0 0 0 0.0097 0 0.0066 0.0034 0.1454 0.0768 0.2422 0.0859 0.3258 0 0.0463 0 0.0579 0 0 0 0 0 0 0 0 0 0 0 0 0
Nist Element: <Sb>  Z= 51  Aeff(amu)= 121.76  37 isotopes:
N: 103  104  105  106  107  108  109  110  111  112  113  114  115  116  117  118  119  120  121  122  123  124  125  126  127  128  129  130  131  132  133  134  135  136  137  138  139
mass(amu): 95888 96815.8 97743.5 98672.2 99599.1 100529 101456 102387 103315 104245 105174 106106 107035 107967 108896 109829 110758 111691 112621 113554 114484 115418 116348 117282 118213 119146 120078 121012 121944 122877 123810 124747 125682 126619 127554 128491 129427
abundance: 0 0 0 0 0 0 0 0 0 0 0 0 0 0 0 0 0 0 0.5721 0 0.4279 0 0 0 0 0 0 0 0 0 0 0 0 0 0 0 0
Nist Element: <Te>  Z= 52  Aeff(amu)= 127.603  37 isotopes:
N: 106  107  108  109  110  111  112  113  114  115  116  117  118  119  120  121  122  123  124  125  126  127  128  129  130  131  132  133  134  135  136  137  138  139  140  141  142
mass(amu): 98680.6 99609.3 100535 101465 102392 103322 104250 105181 106108 107040 107968 108900 109829 110760 111690 112622 113552 114484 115415 116347 117278 118211 119142 120076 121007 121941 122872 123806 124738 125673 126609 127545 128480 129417 130352 131288 132224
abundance: 0 0 0 0 0 0 0 0 0 0 0 0 0 0 0.0009 0 0.0255 0.0089 0.0474 0.0707 0.1884 0 0.3174 0 0.3408 0 0 0 0 0 0 0 0 0 0 0 0
Nist Element: Z= 53 Aeff(amu)= 126.904 37 isotopes:
N: 108  109  110  111  112  113  114  115  116  117  118  119  120  121  122  123  124  125  126  127  128  129  130  131  132  133  134  135  136  137  138  139  140  141  142  143  144
mass(amu): 100548 101475 102404 103331 104260 105188 106118 107045 107976 108905 109835 110764 111695 112624 113557 114486 115418 116348 117281 118210 119144 120074 121008 121938 122872 123803 124736 125668 126604 127538 128474 129409 130345 131280 132216 133151 134089
abundance: 0 0 0 0 0 0 0 0 0 0 0 0 0 0 0 0 0 0 0 1 0 0 0 0 0 0 0 0 0 0 0 0 0 0 0 0 0
Nist Element: <Xe>  Z= 54  Aeff(amu)= 131.292  38 isotopes:
N: 110  111  112  113  114  115  116  117  118  119  120  121  122  123  124  125  126  127  128  129  130  131  132  133  134  135  136  137  138  139  140  141  142  143  144  145  146  147
mass(amu): 102412 103342 104268 105196 106123 107054 107981 108911 109839 110770 111697 112628 113558 114488 115418 116349 117279 118211 119142 120074 121005 121937 122868 123801 124732 125665 126597 127533 128466 129402 130337 131273 132207 133143 134077 135014 135949 136886
abundance: 0 0 0 0 0 0 0 0 0 0 0 0 0 0 0.0009 0 0.0009 0 0.0192 0.2644 0.0408 0.2118 0.2689 0 0.1044 0 0.0887 0 0 0 0 0 0 0 0 0 0 0
Nist Element: <Cs>  Z= 55  Aeff(amu)= 132.905  40 isotopes:
N: 112  113  114  115  116  117  118  119  120  121  122  123  124  125  126  127  128  129  130  131  132  133  134  135  136  137  138  139  140  141  142  143  144  145  146  147  148  149  150  151
mass(amu): 104281 105208 106135 107062 107991 108919 109848 110775 111706 112633 113564 114493 115423 116353 117283 118213 119146 120075 121008 121937 122870 123800 124734 125664 126597 127528 128463 129397 130332 131266 132201 133136 134072 135006 135942 136877 137814 138749 139685 140620
abundance: 0 0 0 0 0 0 0 0 0 0 0 0 0 0 0 0 0 0 0 0 0 1 0 0 0 0 0 0 0 0 0 0 0 0 0 0 0 0 0 0
Nist Element: <Ba>  Z= 56  Aeff(amu)= 137.327  40 isotopes:
N: 114  115  116  117  118  119  120  121  122  123  124  125  126  127  128  129  130  131  132  133  134  135  136  137  138  139  140  141  142  143  144  145  146  147  148  149  150  151  152  153
mass(amu): 106145 107073 107999 108928 109854 110784 111710 112640 113568 114498 115426 116358 117285 118217 119146 120078 121007 121939 122869 123801 124732 125664 126595 127527 128458 129393 130326 131261 132194 133130 134063 134999 135933 136868 137803 138739 139674 140610 141544 142481
abundance: 0 0 0 0 0 0 0 0 0 0 0 0 0 0 0 0 0.00106 0 0.00101 0 0.02417 0.06592 0.07854 0.11232 0.71698 0 0 0 0 0 0 0 0 0 0 0 0 0 0 0
Nist Element: <La>  Z= 57  Aeff(amu)= 138.905  39 isotopes:
N: 117  118  119  120  121  122  123  124  125  126  127  128  129  130  131  132  133  134  135  136  137  138  139  140  141  142  143  144  145  146  147  148  149  150  151  152  153  154  155
mass(amu): 108938 109867 110793 111722 112648 113578 114505 115435 116363 117293 118221 119152 120082 121012 121942 122873 123803 124735 125665 126597 127527 128460 129390 130324 131258 132192 133125 134061 134994 135929 136863 137798 138731 139667 140602 141537 142471 143407 144342
abundance: 0 0 0 0 0 0 0 0 0 0 0 0 0 0 0 0 0 0 0 0 0 0.0009 0.9991 0 0 0 0 0 0 0 0 0 0 0 0 0 0 0 0
Nist Element: <Ce>  Z= 58  Aeff(amu)= 140.115  39 isotopes:
N: 119  120  121  122  123  124  125  126  127  128  129  130  131  132  133  134  135  136  137  138  139  140  141  142  143  144  145  146  147  148  149  150  151  152  153  154  155  156  157
mass(amu): 110804 111730 112659 113585 114514 115441 116371 117297 118228 119156 120086 121015 121946 122874 123807 124735 125667 126597 127529 128459 129391 130321 131255 132187 133122 134055 134989 135923 136858 137790 138726 139659 140594 141527 142464 143397 144333 145267 146204
abundance: 0 0 0 0 0 0 0 0 0 0 0 0 0 0 0 0 0 0.00185 0 0.00251 0 0.8845 0 0.11114 0 0 0 0 0 0 0 0 0 0 0 0 0 0 0
Nist Element: <Pr>  Z= 59  Aeff(amu)= 140.908  39 isotopes:
N: 121  122  123  124  125  126  127  128  129  130  131  132  133  134  135  136  137  138  139  140  141  142  143  144  145  146  147  148  149  150  151  152  153  154  155  156  157  158  159
mass(amu): 112669 113598 114523 115452 116379 117308 118235 119165 120093 121022 121951 122882 123810 124742 125671 126602 127532 128463 129393 130324 131255 132188 133121 134054 134987 135922 136854 137788 138722 139656 140589 141524 142457 143391 144326 145261 146195 147131 148066
abundance: 0 0 0 0 0 0 0 0 0 0 0 0 0 0 0 0 0 0 0 0 1 0 0 0 0 0 0 0 0 0 0 0 0 0 0 0 0 0 0
Nist Element: <Nd>  Z= 60  Aeff(amu)= 144.236  36 isotopes:
N: 126  127  128  129  130  131  132  133  134  135  136  137  138  139  140  141  142  143  144  145  146  147  148  149  150  151  152  153  154  155  156  157  158  159  160  161
mass(amu): 117315 118245 119171 120100 121028 121958 122885 123816 124745 125675 126604 127536 128464 129396 130324 131257 132186 133120 134051 134986 135917 136851 137784 138718 139651 140585 141517 142452 143384 144319 145253 146188 147122 148057 148992 149928
abundance: 0 0 0 0 0 0 0 0 0 0 0 0 0 0 0 0 0.272 0.122 0.238 0.083 0.172 0 0.057 0 0.056 0 0 0 0 0 0 0 0 0 0 0
Nist Element: <Pm>  Z= 61  Aeff(amu)= 144.913  36 isotopes:
N: 128  129  130  131  132  133  134  135  136  137  138  139  140  141  142  143  144  145  146  147  148  149  150  151  152  153  154  155  156  157  158  159  160  161  162  163
mass(amu): 119183 120110 121038 121966 122896 123824 124753 125682 126611 127541 128471 129400 130331 131261 132191 133121 134054 134986 135919 136850 137784 138716 139651 140582 141515 142448 143382 144315 145249 146182 147117 148051 148986 149920 150855 151791
abundance: 0 0 0 0 0 0 0 0 0 0 0 0 0 0 0 0 0 1 0 0 0 0 0 0 0 0 0 0 0 0 0 0 0 0 0 0
Nist Element: <Sm>  Z= 62  Aeff(amu)= 150.366  36 isotopes:
N: 130  131  132  133  134  135  136  137  138  139  140  141  142  143  144  145  146  147  148  149  150  151  152  153  154  155  156  157  158  159  160  161  162  163  164  165
mass(amu): 121047 121975 122902 123832 124759 125688 126616 127547 128475 129405 130334 131264 132193 133124 134053 134986 135917 136850 137782 138715 139647 140581 141513 142446 143377 144312 145244 146177 147111 148045 148978 149914 150847 151782 152717 153653
abundance: 0 0 0 0 0 0 0 0 0 0 0 0 0 0 0.0307 0 0 0.1499 0.1124 0.1382 0.0738 0 0.2675 0 0.2275 0 0 0 0 0 0 0 0 0 0 0
Nist Element: <Eu>  Z= 63  Aeff(amu)= 151.964  36 isotopes:
N: 132  133  134  135  136  137  138  139  140  141  142  143  144  145  146  147  148  149  150  151  152  153  154  155  156  157  158  159  160  161  162  163  164  165  166  167
mass(amu): 122914 123841 124770 125698 126627 127554 128484 129412 130342 131271 132200 133129 134060 134988 135921 136852 137785 138716 139650 140581 141514 142445 143378 144310 145243 146175 147109 148041 148976 149909 150843 151777 152712 153646 154581 155516
abundance: 0 0 0 0 0 0 0 0 0 0 0 0 0 0 0 0 0 0 0 0.4781 0 0.5219 0 0 0 0 0 0 0 0 0 0 0 0 0 0
Nist Element: <Gd>  Z= 64  Aeff(amu)= 157.252  34 isotopes:
N: 136  137  138  139  140  141  142  143  144  145  146  147  148  149  150  151  152  153  154  155  156  157  158  159  160  161  162  163  164  165  166  167  168  169
mass(amu): 126634 127563 128490 129420 130348 131277 132205 133136 134063 134994 135922 136854 137785 138717 139649 140581 141513 142446 143376 144310 145240 146174 147105 148039 148971 149905 150838 151772 152705 153640 154574 155509 156443 157379
abundance: 0 0 0 0 0 0 0 0 0 0 0 0 0 0 0 0 0.002 0 0.0218 0.148 0.2047 0.1565 0.2484 0 0.2186 0 0 0 0 0 0 0 0 0
Nist Element: <Tb>  Z= 65  Aeff(amu)= 158.925  34 isotopes:
N: 138  139  140  141  142  143  144  145  146  147  148  149  150  151  152  153  154  155  156  157  158  159  160  161  162  163  164  165  166  167  168  169  170  171
mass(amu): 128502 129429 130359 131286 132215 133143 134073 135000 135930 136859 137790 138721 139653 140584 141516 142447 143380 144310 145243 146174 147106 148038 148971 149903 150836 151769 152703 153636 154570 155504 156439 157372 158307 159242
abundance: 0 0 0 0 0 0 0 0 0 0 0 0 0 0 0 0 0 0 0 0 0 1 0 0 0 0 0 0 0 0 0 0 0 0
Nist Element: <Dy>  Z= 66  Aeff(amu)= 162.497  34 isotopes:
N: 140  141  142  143  144  145  146  147  148  149  150  151  152  153  154  155  156  157  158  159  160  161  162  163  164  165  166  167  168  169  170  171  172  173
mass(amu): 130366 131295 132222 133151 134078 135008 135936 136865 137793 138725 139655 140587 141517 142450 143379 144313 145242 146175 147105 148039 148969 149903 150834 151767 152699 153633 154566 155500 156432 157367 158301 159235 160169 161105
abundance: 0 0 0 0 0 0 0 0 0 0 0 0 0 0 0 0 0.0006 0 0.001 0 0.0234 0.1891 0.2551 0.249 0.2818 0 0 0 0 0 0 0 0 0
Nist Element: <Ho>  Z= 67  Aeff(amu)= 164.93  34 isotopes:
N: 142  143  144  145  146  147  148  149  150  151  152  153  154  155  156  157  158  159  160  161  162  163  164  165  166  167  168  169  170  171  172  173  174  175
mass(amu): 132235 133162 134090 135017 135946 136874 137802 138731 139662 140592 141524 142453 143386 144315 145248 146177 147110 148040 148973 149903 150836 151767 152700 153631 154565 155497 156430 157364 158298 159231 160166 161099 162034 162969
abundance: 0 0 0 0 0 0 0 0 0 0 0 0 0 0 0 0 0 0 0 0 0 0 0 1 0 0 0 0 0 0 0 0 0 0
Nist Element: <Er>  Z= 68  Aeff(amu)= 167.256  34 isotopes:
N: 144  145  146  147  148  149  150  151  152  153  154  155  156  157  158  159  160  161  162  163  164  165  166  167  168  169  170  171  172  173  174  175  176  177
mass(amu): 134099 135027 135953 136882 137809 138739 139666 140597 141527 142458 143388 144319 145249 146181 147111 148043 148973 149905 150836 151768 152699 153632 154563 155496 156428 157362 158293 159228 160160 161094 162028 162963 163896 164832
abundance: 0 0 0 0 0 0 0 0 0 0 0 0 0 0 0 0 0 0 0.0014 0 0.0161 0 0.3361 0.2293 0.2678 0 0.1493 0 0 0 0 0 0 0
Nist Element: <Tm>  Z= 69  Aeff(amu)= 168.934  34 isotopes:
N: 146  147  148  149  150  151  152  153  154  155  156  157  158  159  160  161  162  163  164  165  166  167  168  169  170  171  172  173  174  175  176  177  178  179
mass(amu): 135966 136893 137822 138749 139678 140604 141535 142465 143395 144325 145256 146186 147117 148047 148978 149908 150841 151771 152703 153633 154567 155497 156430 157361 158294 159226 160159 161093 162026 162959 163894 164827 165762 166696
abundance: 0 0 0 0 0 0 0 0 0 0 0 0 0 0 0 0 0 0 0 0 0 0 0 1 0 0 0 0 0 0 0 0 0 0
Nist Element: <Yb>  Z= 70  Aeff(amu)= 173.038  34 isotopes:
N: 148  149  150  151  152  153  154  155  156  157  158  159  160  161  162  163  164  165  166  167  168  169  170  171  172  173  174  175  176  177  178  179  180  181
mass(amu): 137830 138758 139685 140614 141541 142471 143400 144331 145260 146191 147120 148052 148981 149913 150842 151774 152704 153636 154567 155499 156430 157362 158293 159226 160157 161091 162023 162956 163890 164823 165757 166691 167624 168559
abundance: 0 0 0 0 0 0 0 0 0 0 0 0 0 0 0 0 0 0 0 0 0.0013 0 0.0304 0.1428 0.2183 0.1613 0.3183 0 0.1276 0 0 0 0 0
Nist Element: <Lu>  Z= 71  Aeff(amu)= 174.967  35 isotopes:
N: 150  151  152  153  154  155  156  157  158  159  160  161  162  163  164  165  166  167  168  169  170  171  172  173  174  175  176  177  178  179  180  181  182  183  184
mass(amu): 139699 140625 141554 142480 143410 144339 145269 146198 147129 148058 148989 149918 150849 151779 152710 153641 154572 155502 156434 157365 158296 159228 160160 161092 162024 162956 163890 164822 165756 166688 167622 168556 169490 170424 171359
abundance: 0 0 0 0 0 0 0 0 0 0 0 0 0 0 0 0 0 0 0 0 0 0 0 0 0 0.9741 0.0259 0 0 0 0 0 0 0 0
Nist Element: <Hf>  Z= 72  Aeff(amu)= 178.485  33 isotopes:
N: 154  155  156  157  158  159  160  161  162  163  164  165  166  167  168  169  170  171  172  173  174  175  176  177  178  179  180  181  182  183  184  185  186
mass(amu): 143417 144347 145275 146205 147134 148065 148993 149924 150853 151784 152713 153645 154574 155506 156436 157368 158298 159230 160160 161094 162024 162957 163888 164821 165754 166687 167620 168553 169486 170421 171353 172288 173222
abundance: 0 0 0 0 0 0 0 0 0 0 0 0 0 0 0 0 0 0 0 0 0.0016 0 0.0526 0.186 0.2728 0.1362 0.3508 0 0 0 0 0 0
Nist Element: <Ta>  Z= 73  Aeff(amu)= 180.948  33 isotopes:
N: 156  157  158  159  160  161  162  163  164  165  166  167  168  169  170  171  172  173  174  175  176  177  178  179  180  181  182  183  184  185  186  187  188
mass(amu): 145287 146215 147144 148073 149003 149931 150862 151791 152722 153651 154581 155511 156443 157372 158304 159233 160166 161096 162028 162959 163892 164822 165756 166687 167620 168552 169485 170418 171352 172285 173220 174152 175087
abundance: 0 0 0 0 0 0 0 0 0 0 0 0 0 0 0 0 0 0 0 0 0 0 0 0 0.00012 0.99988 0 0 0 0 0 0 0
Nist Element: <W>  Z= 74  Aeff(amu)= 183.842  33 isotopes:
N: 158  159  160  161  162  163  164  165  166  167  168  169  170  171  172  173  174  175  176  177  178  179  180  181  182  183  184  185  186  187  188  189  190
mass(amu): 147152 148081 149009 149940 150868 151799 152727 153657 154586 155518 156446 157378 158306 159238 160168 161100 162030 162962 163893 164825 165756 166688 167620 168552 169483 170417 171349 172283 173215 174149 175082 176017 176949
abundance: 0 0 0 0 0 0 0 0 0 0 0 0 0 0 0 0 0 0 0 0 0 0 0.0012 0 0.265 0.1431 0.3064 0 0.2843 0 0 0 0
Nist Element: <Re>  Z= 75  Aeff(amu)= 186.207  33 isotopes:
N: 160  161  162  163  164  165  166  167  168  169  170  171  172  173  174  175  176  177  178  179  180  181  182  183  184  185  186  187  188  189  190  191  192
mass(amu): 149021 149950 150880 151807 152737 153666 154596 155525 156456 157384 158315 159244 160175 161105 162036 162966 163898 164828 165760 166691 167623 168554 169486 170418 171351 172283 173216 174148 175082 176014 176948 177881 178815
abundance: 0 0 0 0 0 0 0 0 0 0 0 0 0 0 0 0 0 0 0 0 0 0 0 0 0 0.374 0 0.626 0 0 0 0 0
Nist Element: <Os>  Z= 76  Aeff(amu)= 190.225  35 isotopes:
N: 162  163  164  165  166  167  168  169  170  171  172  173  174  175  176  177  178  179  180  181  182  183  184  185  186  187  188  189  190  191  192  193  194  195  196
mass(amu): 150887 151817 152745 153674 154603 155533 156461 157392 158320 159251 160180 161111 162040 162971 163901 164833 165762 166695 167624 168557 169487 170420 171350 172284 173215 174148 175080 176013 176945 177879 178811 179745 180677 181612 182545
abundance: 0 0 0 0 0 0 0 0 0 0 0 0 0 0 0 0 0 0 0 0 0 0 0.0002 0 0.0159 0.0196 0.1324 0.1615 0.2626 0 0.4078 0 0 0 0
Nist Element: <Ir>  Z= 77  Aeff(amu)= 192.216  35 isotopes:
N: 165  166  167  168  169  170  171  172  173  174  175  176  177  178  179  180  181  182  183  184  185  186  187  188  189  190  191  192  193  194  195  196  197  198  199
mass(amu): 153685 154615 155543 156472 157400 158331 159259 160190 161119 162049 162978 163909 164838 165770 166699 167631 168561 169493 170423 171355 172286 173219 174149 175083 176014 176948 177879 178812 179744 180677 181610 182543 183476 184410 185343
abundance: 0 0 0 0 0 0 0 0 0 0 0 0 0 0 0 0 0 0 0 0 0 0 0 0 0 0 0.373 0 0.627 0 0 0 0 0 0
Nist Element: <Pt>  Z= 78  Aeff(amu)= 195.078  35 isotopes:
N: 168  169  170  171  172  173  174  175  176  177  178  179  180  181  182  183  184  185  186  187  188  189  190  191  192  193  194  195  196  197  198  199  200  201  202
mass(amu): 156480 157409 158337 159268 160196 161126 162055 162985 163914 164845 165774 166705 167634 168566 169496 170428 171358 172290 173220 174153 175083 176016 176947 177880 178811 179744 180675 181609 182540 183474 184406 185340 186272 187207 188139
abundance: 0 0 0 0 0 0 0 0 0 0 0 0 0 0 0 0 0 0 0 0 0 0 0.00014 0 0.00782 0 0.32967 0.33832 0.25242 0 0.07163 0 0 0 0
Nist Element: <Au>  Z= 79  Aeff(amu)= 196.967  35 isotopes:
N: 171  172  173  174  175  176  177  178  179  180  181  182  183  184  185  186  187  188  189  190  191  192  193  194  195  196  197  198  199  200  201  202  203  204  205
mass(amu): 159278 160208 161135 162066 162995 163924 164853 165784 166712 167643 168572 169504 170434 171364 172295 173226 174157 175088 176019 176951 177882 178814 179745 180677 181609 182542 183474 184406 185338 186272 187204 188138 189070 190004 190938
abundance: 0 0 0 0 0 0 0 0 0 0 0 0 0 0 0 0 0 0 0 0 0 0 0 0 0 0 1 0 0 0 0 0 0 0 0
Nist Element: <Hg>  Z= 80  Aeff(amu)= 200.599  34 isotopes:
N: 175  176  177  178  179  180  181  182  183  184  185  186  187  188  189  190  191  192  193  194  195  196  197  198  199  200  201  202  203  204  205  206  207  208
mass(amu): 163003 163931 164861 165789 166721 167648 168580 169509 170440 171369 172300 173229 174161 175091 176023 176952 177885 178815 179748 180677 181611 182541 183474 184405 185338 186269 187202 188135 189068 190000 190934 191866 192803 193738
abundance: 0 0 0 0 0 0 0 0 0 0 0 0 0 0 0 0 0 0 0 0 0 0.0015 0 0.0997 0.1687 0.231 0.1318 0.2986 0 0.0687 0 0 0 0
Nist Element: <Tl>  Z= 81  Aeff(amu)= 204.383  34 isotopes:
N: 177  178  179  180  181  182  183  184  185  186  187  188  189  190  191  192  193  194  195  196  197  198  199  200  201  202  203  204  205  206  207  208  209  210
mass(amu): 164872 165801 166729 167660 168588 169519 170448 171378 172307 173238 174167 175099 176028 176960 177889 178821 179751 180683 181613 182546 183476 184408 185339 186272 187203 188136 189067 190001 190932 191865 192798 193734 194668 195604
abundance: 0 0 0 0 0 0 0 0 0 0 0 0 0 0 0 0 0 0 0 0 0 0 0 0 0 0 0.29524 0 0.70476 0 0 0 0 0
Nist Element: <Pb>  Z= 82  Aeff(amu)= 207.217  34 isotopes:
N: 181  182  183  184  185  186  187  188  189  190  191  192  193  194  195  196  197  198  199  200  201  202  203  204  205  206  207  208  209  210  211  212  213  214
mass(amu): 168598 169525 170456 171384 172315 173243 174174 175103 176035 176963 177895 178824 179756 180686 181617 182548 183479 184410 185342 186273 187205 188136 189068 190000 190932 191864 192797 193729 194665 195599 196535 197469 198405 199340
abundance: 0 0 0 0 0 0 0 0 0 0 0 0 0 0 0 0 0 0 0 0 0 0 0 0.014 0 0.241 0.221 0.524 0 0 0 0 0 0
Nist Element: <Bi>  Z= 83  Aeff(amu)= 208.98  32 isotopes:
N: 185  186  187  188  189  190  191  192  193  194  195  196  197  198  199  200  201  202  203  204  205  206  207  208  209  210  211  212  213  214  215  216
mass(amu): 172325 173254 174183 175113 176043 176974 177902 178833 179763 180694 181624 182555 183485 184416 185347 186278 187209 188141 189072 190004 190935 191867 192799 193732 194664 195599 196533 197468 198403 199339 200273 201208
abundance: 0 0 0 0 0 0 0 0 0 0 0 0 0 0 0 0 0 0 0 0 0 0 0 0 1 0 0 0 0 0 0 0
Nist Element: <Po>  Z= 84  Aeff(amu)= 208.982  29 isotopes:
N: 190  191  192  193  194  195  196  197  198  199  200  201  202  203  204  205  206  207  208  209  210  211  212  213  214  215  216  217  218
mass(amu): 176979 177911 178839 179770 180699 181630 182560 183491 184420 185352 186282 187214 188144 189076 190006 190939 191869 192802 193733 194665 195598 196533 197466 198402 199335 200270 201205 202140 203074
abundance: 0 0 0 0 0 0 0 0 0 0 0 0 0 0 0 0 0 0 0 1 0 0 0 0 0 0 0 0 0
Nist Element: <At>  Z= 85  Aeff(amu)= 209.987  31 isotopes:
N: 193  194  195  196  197  198  199  200  201  202  203  204  205  206  207  208  209  210  211  212  213  214  215  216  217  218  219  220  221  222  223
mass(amu): 179778 180709 181639 182569 183498 184429 185359 186289 187219 188151 189081 190013 190943 191876 192806 193739 194669 195602 196533 197468 198402 199336 200270 201205 202139 203074 204007 204943 205877 206812 207746
abundance: 0 0 0 0 0 0 0 0 0 0 0 0 0 0 0 0 0 1 0 0 0 0 0 0 0 0 0 0 0 0 0
Nist Element: <Rn>  Z= 86  Aeff(amu)= 222.018  33 isotopes:
N: 196  197  198  199  200  201  202  203  204  205  206  207  208  209  210  211  212  213  214  215  216  217  218  219  220  221  222  223  224  225  226  227  228
mass(amu): 182575 183506 184435 185365 186295 187227 188155 189087 190016 190949 191878 192811 193741 194673 195604 196537 197468 198403 199335 200270 201203 202138 203071 204006 204939 205874 206808 207744 208677 209612 210547 211482 212416
abundance: 0 0 0 0 0 0 0 0 0 0 0 0 0 0 0 0 0 0 0 0 0 0 0 0 0 0 1 0 0 0 0 0 0
Nist Element: <Fr>  Z= 87  Aeff(amu)= 223.02  33 isotopes:
N: 200  201  202  203  204  205  206  207  208  209  210  211  212  213  214  215  216  217  218  219  220  221  222  223  224  225  226  227  228  229  230  231  232
mass(amu): 186304 187234 188165 189094 190026 190955 191886 192816 193748 194679 195610 196542 197473 198405 199339 200271 201206 202139 203073 204006 204940 205873 206808 207742 208676 209610 210545 211479 212414 213348 214284 215217 216153
abundance: 0 0 0 0 0 0 0 0 0 0 0 0 0 0 0 0 0 0 0 0 0 0 0 1 0 0 0 0 0 0 0 0 0
Nist Element: <Ra>  Z= 88  Aeff(amu)= 226.025  32 isotopes:
N: 203  204  205  206  207  208  209  210  211  212  213  214  215  216  217  218  219  220  221  222  223  224  225  226  227  228  229  230  231  232  233  234
mass(amu): 189102 190030 190962 191891 192823 193753 194684 195614 196546 197477 198408 199340 200274 201206 202140 203072 204007 204939 205873 206806 207740 208673 209609 210541 211476 212410 213345 214278 215213 216148 217083 218017
abundance: 0 0 0 0 0 0 0 0 0 0 0 0 0 0 0 0 0 0 0 0 0 0 0 1 0 0 0 0 0 0 0 0
Nist Element: <Ac>  Z= 89  Aeff(amu)= 227.028  30 isotopes:
N: 207  208  209  210  211  212  213  214  215  216  217  218  219  220  221  222  223  224  225  226  227  228  229  230  231  232  233  234  235  236
mass(amu): 192830 193761 194692 195622 196553 197484 198415 199346 200277 201211 202143 203077 204008 204943 205875 206808 207741 208675 209608 210542 211475 212410 213343 214277 215211 216146 217080 218014 218949 219884
abundance: 0 0 0 0 0 0 0 0 0 0 0 0 0 0 0 0 0 0 0 0 1 0 0 0 0 0 0 0 0 0
Nist Element: 
Z= 90 Aeff(amu)= 232.038 29 isotopes:
N: 210  211  212  213  214  215  216  217  218  219  220  221  222  223  224  225  226  227  228  229  230  231  232  233  234  235  236  237  238
mass(amu): 195628 196559 197489 198420 199350 200282 201213 202146 203078 204012 204944 205877 206808 207743 208674 209609 210541 211475 212408 213342 214274 215209 216142 217077 218011 218946 219879 220814 221748
abundance: 0 0 0 0 0 0 0 0 0 0 0 0 0 0 0 0 0 0 0 0 0 0 1 0 0 0 0 0 0
Nist Element: <Pa>  Z= 91  Aeff(amu)= 231.036  28 isotopes:
N: 213  214  215  216  217  218  219  220  221  222  223  224  225  226  227  228  229  230  231  232  233  234  235  236  237  238  239  240
mass(amu): 198428 199359 200289 201220 202151 203084 204016 204949 205881 206814 207746 208679 209610 210544 211476 212410 213342 214276 215209 216143 217075 218010 218943 219878 220812 221746 222680 223615
abundance: 0 0 0 0 0 0 0 0 0 0 0 0 0 0 0 0 0 0 1 0 0 0 0 0 0 0 0 0
Nist Element: Z= 92 Aeff(amu)= 238.029 25 isotopes:
N: 218  219  220  221  222  223  224  225  226  227  228  229  230  231  232  233  234  235  236  237  238  239  240  241  242
mass(amu): 203087 204020 204952 205884 206816 207749 208681 209613 210545 211478 212410 213343 214275 215209 216141 217075 218008 218942 219875 220810 221743 222677 223612 224546 225480
abundance: 0 0 0 0 0 0 0 0 0 0 0 0 0 0 0 0 5.5e-05 0.0072 0 0 0.992745 0 0 0 0
Nist Element: <Np>  Z= 93  Aeff(amu)= 237.048  20 isotopes:
N: 225  226  227  228  229  230  231  232  233  234  235  236  237  238  239  240  241  242  243  244
mass(amu): 209618 210550 211482 212414 213346 214279 215211 216144 217076 218010 218942 219876 220809 221743 222676 223611 224544 225479 226413 227348
abundance: 0 0 0 0 0 0 0 0 0 0 0 0 1 0 0 0 0 0 0 0
Nist Element: <Pu>  Z= 94  Aeff(amu)= 244.064  20 isotopes:
N: 228  229  230  231  232  233  234  235  236  237  238  239  240  241  242  243  244  245  246  247
mass(amu): 212417 213349 214281 215213 216145 217078 218010 218943 219875 220809 221742 222676 223609 224543 225477 226411 227344 228279 229213 230148
abundance: 0 0 0 0 0 0 0 0 0 0 0 0 0 0 0 0 1 0 0 0
Nist Element: <Am>  Z= 95  Aeff(amu)= 243.061  19 isotopes:
N: 231  232  233  234  235  236  237  238  239  240  241  242  243  244  245  246  247  248  249
mass(amu): 215218 216150 217081 218014 218946 219879 220811 221744 222676 223610 224543 225477 226410 227344 228278 229213 230146 231081 232015
abundance: 0 0 0 0 0 0 0 0 0 0 0 0 1 0 0 0 0 0 0
Nist Element: <Cm>  Z= 96  Aeff(amu)= 247.07  20 isotopes:
N: 233  234  235  236  237  238  239  240  241  242  243  244  245  246  247  248  249  250  251  252
mass(amu): 217086 218016 218950 219880 220813 221745 222678 223611 224544 225477 226410 227343 228277 229210 230144 231078 232013 232946 233881 234816
abundance: 0 0 0 0 0 0 0 0 0 0 0 0 0 0 1 0 0 0 0 0
Nist Element: <Bk>  Z= 97  Aeff(amu)= 247.07  20 isotopes:
N: 235  236  237  238  239  240  241  242  243  244  245  246  247  248  249  250  251  252  253  254
mass(amu): 218954 219886 220817 221750 222681 223614 224546 225479 226412 227345 228278 229212 230144 231079 232012 232946 233880 234815 235749 236684
abundance: 0 0 0 0 0 0 0 0 0 0 0 0 1 0 0 0 0 0 0 0
Nist Element: <Cf>  Z= 98  Aeff(amu)= 251.08  20 isotopes:
N: 237  238  239  240  241  242  243  244  245  246  247  248  249  250  251  252  253  254  255  256
mass(amu): 220822 221752 222686 223616 224550 225481 226414 227346 228279 229212 230145 231078 232012 232944 233880 234813 235747 236681 237616 238549
abundance: 0 0 0 0 0 0 0 0 0 0 0 0 0 0 1 0 0 0 0 0
Nist Element: <Es>  Z= 99  Aeff(amu)= 252.083  18 isotopes:
N: 240  241  242  243  244  245  246  247  248  249  250  251  252  253  254  255  256  257
mass(amu): 223623 224554 225487 226418 227351 228282 229216 230148 231080 232013 232947 233880 234814 235747 236681 237615 238550 239483
abundance: 0 0 0 0 0 0 0 0 0 0 0 0 1 0 0 0 0 0
Nist Element: <Fm>  Z= 100  Aeff(amu)= 257.095  18 isotopes:
N: 242  243  244  245  246  247  248  249  250  251  252  253  254  255  256  257  258  259
mass(amu): 225490 226423 227353 228286 229217 230151 231082 232016 232948 233881 234813 235747 236681 237615 238548 239482 240416 241351
abundance: 0 0 0 0 0 0 0 0 0 0 0 0 0 0 0 1 0 0
Nist Element: <Md>  Z= 101  Aeff(amu)= 258.098  16 isotopes:
N: 245  246  247  248  249  250  251  252  253  254  255  256  257  258  259  260
mass(amu): 228291 229224 230155 231088 232019 232952 233884 234818 235749 236683 237616 238550 239483 240417 241351 242285
abundance: 0 0 0 0 0 0 0 0 0 0 0 0 0 1 0 0
Nist Element: <No>  Z= 102  Aeff(amu)= 259.101  14 isotopes:
N: 249  250  251  252  253  254  255  256  257  258  259  260  261  262
mass(amu): 232024 232955 233888 234819 235753 236684 237618 238550 239484 240417 241351 242284 243219 244152
abundance: 0 0 0 0 0 0 0 0 0 0 1 0 0 0
Nist Element: <Lr>  Z= 103  Aeff(amu)= 262.11  13 isotopes:
N: 251  252  253  254  255  256  257  258  259  260  261  262  263
mass(amu): 233893 234825 235756 236690 237621 238555 239487 240420 241353 242287 243220 244154 245086
abundance: 0 0 0 0 0 0 0 0 0 0 0 1 0
Nist Element: <Rf>  Z= 104  Aeff(amu)= 261.109  12 isotopes:
N: 253  254  255  256  257  258  259  260  261  262  263  264
mass(amu): 235762 236693 237625 238557 239490 240422 241356 242287 243221 244154 245088 246021
abundance: 0 0 0 0 0 0 0 0 1 0 0 0
Nist Element: <Db>  Z= 105  Aeff(amu)= 262.114  11 isotopes:
N: 255  256  257  258  259  260  261  262  263  264  265
mass(amu): 237631 238563 239495 240427 241359 242292 243224 244158 245090 246023 246957
abundance: 0 0 0 0 0 0 0 1 0 0 0
Nist Element: <Sg>  Z= 106  Aeff(amu)= 266.122  9 isotopes:
N: 258  259  260  261  262  263  264  265  266
mass(amu): 240431 241364 242295 243228 244159 245093 246025 246959 247891
abundance: 0 0 0 0 0 0 0 0 1
Nist Element: <Bh>  Z= 107  Aeff(amu)= 264.125  8 isotopes:
N: 260  261  262  263  264  265  266  267
mass(amu): 242302 243234 244166 245098 246031 246962 247896 248828
abundance: 0 0 0 0 1 0 0 0