1.172719999999999985e+00
8.485369999999999857e-01
2.553830000000000044e+00
1.717240000000000086e-02
1.195339999999999944e-02
3.509629999999999694e-02
1.119619999999999990e-02
3.944960000000000133e-02
1.191159999999999962e-02
1.424339999999999981e-02
2.044770000000000199e+00
6.471390000000000198e-01
8.295090000000000519e-01
1.092570000000000000e-02
1.260250000000000085e-02
1.583600000000000008e-01
7.420710000000000361e-01
1.914619999999999989e+00
1.568100000000000049e-02
1.068389999999999965e-02
1.109719999999999977e-02
1.425149999999999917e+00
9.290289999999999937e-01
2.393160000000000009e-01
3.374119999999999897e-02
1.321899999999999985e-02
5.856390000000000207e-01
1.455389999999999982e-02
6.015840000000000076e-01
1.070370000000000044e+00
3.163450000000000290e-02
3.668330000000000202e-02
5.973260000000000236e-01
1.001860000000000077e-02
1.064189999999999928e-02
1.185139999999999978e-02
2.095260000000000122e+00
9.567149999999999821e-01
3.781210000000000127e-02
4.262160000000000254e-02
1.093860000000000054e+00
1.072329999999999985e-02
9.921280000000000099e-01
1.392859999999999931e-02
4.286590000000000122e-01
1.174369999999999914e+00
3.239120000000000194e-02
1.147240000000000065e-02
2.589349999999999985e-02
1.863990000000000091e-02
1.692280000000000173e-02
1.021560000000000003e-02
7.510229999999999684e-02
1.100680000000000061e-02
1.012890000000000068e+00
6.362309999999999910e-01
5.398169999999999913e-01
3.606389999999999874e-01
7.292570000000000441e-01
1.136749999999999913e-02
1.274920000000000053e+00
1.117949999999999999e+00
1.178590000000000020e-02
8.143890000000000295e-01
8.424819999999999531e-01
1.125280000000000030e-02
8.523560000000000025e-01
1.485049999999999981e+00
2.498560000000000017e-02
1.530740000000000052e-02
2.456690000000000040e+00
8.818259999999999987e-01
7.660310000000000175e-01
1.000320000000000029e-02
7.682970000000000077e-01
1.396659999999999915e-02
3.742120000000000168e-02
8.603049999999999864e-01
5.435100000000000486e-01
1.495040000000000084e-02
5.463360000000000438e-01
5.019569999999999865e-01
1.059010000000000007e+00
5.506670000000000176e-01
7.252769999999999495e-01
2.846230000000000149e-01
1.010960000000000081e+00
1.416380000000000070e-02
6.833549999999999347e-02
6.088670000000000471e-01
4.632029999999999759e-01
3.106139999999999943e-02
1.388309999999999933e+00
1.278950000000000031e+00
3.237720000000000181e-02
5.249150000000000205e-01
1.728179999999999994e-01
2.151720000000000077e+00
1.176800000000000068e-02
1.925570000000000004e+00
1.491040000000000074e-02
1.445560000000000074e-02
3.178300000000000014e-01
6.841970000000000551e-01
3.444219999999999920e-02
6.243530000000000468e-01
2.782070000000000029e-02
3.181700000000000084e-01
1.097210000000000026e-02
1.581460000000000088e+00
3.250370000000000342e-02
1.866280000000000022e-02
2.947369999999999851e-02
7.203209999999999891e-01
1.478010000000000046e+00
1.374030000000000085e+00
1.220210000000000017e+00
7.429999999999999938e-01
2.560080000000000133e-01
2.260890000000000122e-02
1.099750000000000005e+00
1.130289999999999941e-02
1.460650000000000004e+00
2.980060000000000001e-02
1.768879999999999897e-01
2.792000000000000037e-02
1.410549999999999998e-02
1.866889999999999869e-02
1.628530000000000033e+00
1.768319999999999892e+00
1.089809999999999945e+00
1.535989999999999925e-02
1.952499999999999902e+00
2.981030000000000138e-02
4.097910000000000164e-01
1.025960000000000066e-02
2.527530000000000054e+00
3.819879999999999803e-02
1.547310000000000005e-02
2.354429999999999801e+00
1.977309999999999901e+00
7.486930000000000529e-01
7.994109999999999827e-01
6.516210000000000058e-01
8.982740000000000169e-01
3.600260000000000127e-01
2.911279999999999979e-01
2.124299999999999855e+00
3.365749999999999992e-02
1.009610000000000021e-02
1.035250000000000059e-02
1.057390000000000066e-02
9.989630000000000454e-01
1.455729999999999968e+00
7.968300000000000383e-01
8.238999999999999657e-01
1.031089999999999958e-02
6.458040000000000447e-01
2.177209999999999979e-01
2.913560000000000108e-02
1.202849999999999926e-02
1.242939999999999934e+00
8.889399999999999524e-01
1.779260000000000064e+00
1.288019999999999943e+00
6.005519999999999747e-01
1.766830000000000137e-02
1.083270000000000066e-02
8.248539999999999761e-01
1.167690000000000047e-02
1.091100000000000056e-02
1.022439999999999981e-02
2.667649999999999882e-02
1.933149999999999924e+00
1.203889999999999995e-02
2.667749999999999982e-02
7.773330000000000517e-01
9.356929999999999970e-01
1.012839999999999921e-02
1.649550000000000072e+00
1.264909999999999993e-02
8.048499999999999543e-01
9.527780000000000138e-01
7.277569999999999872e-01
1.345310000000000006e+00
1.047310000000000081e-02
1.085700000000000109e+00
1.682549999999999990e+00
1.632339999999999902e+00
1.084099999999999994e-02
1.051279999999999923e-02
1.425230000000000073e-02
1.243740000000000068e+00
1.305590000000000049e-02
1.122929999999999984e+00
1.765740000000000087e+00
4.726070000000000271e-02
7.532640000000000446e-01
7.292969999999999731e-01
9.113190000000000179e-02
9.631600000000000161e-01
1.467440000000000064e-02
1.504469999999999939e-02
1.532979999999999933e-02
1.119189999999999907e+00
6.618530000000000246e-01
1.473559999999999974e-02
1.015630000000000005e-02
1.514069999999999999e-02
7.488320000000000531e-01
3.243650000000000005e-02
2.898610000000000131e+00
3.099280000000000090e-02
1.408689999999999942e-02
1.154879999999999969e-02
1.075349999999999917e-02
2.153109999999999857e+00
1.135040000000000049e+00
1.669949999999999907e-02
9.616379999999999928e-01
5.582840000000000025e-01
1.004679999999999983e-02
1.275950000000000001e-02
1.370190000000000019e+00
7.666460000000000496e-01
2.040259999999999962e+00
9.252299999999999969e-01
5.727680000000000271e-02
2.061609999999999943e+00
5.303429999999999950e-02
1.372780000000000007e-02
2.021390000000000131e-01
1.426179999999999982e-02
1.026329999999999951e-02
1.200589999999999991e-02
2.678639999999999841e-02
1.097949999999999968e-02
5.370210000000000261e-02
3.435320000000000040e-02
2.265350000000000003e-02
5.026730000000000365e-01
